# Algoritmo: Q-learning
# Ambiente: Pequeño
0 -100.24
1 -106.92
2 74.5598
3 -124.92
4 72.2797
5 74.3998
6 -116.56
7 -122.96
8 -101.52
9 -114.6
10 -100.56
11 94.76
12 92.76
13 96.36
14 -106.88
15 95.6
16 99.4
17 -109.68
18 93.24
19 95.16
20 98.6
21 91.12
22 -107.48
23 98.12
24 95.28
25 98.16
26 85.12
27 95.28
28 88.28
29 98.76
30 96.72
31 98.68
32 97.36
33 99.36
34 96.56
35 99.28
36 99.16
37 97.48
38 99.4
39 97.08
40 98.56
41 96.64
42 96.88
43 99.28
44 99.4
45 99.28
46 98.16
47 97.76
48 91.24
49 96.36
50 99.8
51 97.72
52 92.68
53 99.52
54 96.48
55 98.52
56 99.6
57 98.6
58 98.76
59 98.32
60 98.32
61 98.2
62 93.92
63 97
64 96.56
65 93.24
66 98.28
67 96.88
68 98.8
69 96.36
70 99.16
71 96.6
72 99.24
73 93.08
74 97.88
75 96.4
76 97.36
77 99.4
78 96.44
79 94.68
80 97.68
81 96.76
82 98.76
83 98.52
84 97.28
85 98.88
86 97.92
87 99.08
88 93.28
89 94.76
90 93.12
91 97.84
92 99.6
93 99.36
94 99.52
95 99.44
96 98.88
97 99.24
98 97.24
99 97.64
100 98.72
101 99.56
102 99.72
103 99.28
104 98.88
105 97.68
106 99.52
107 99.68
108 97.44
109 98.36
110 99.2
111 98
112 97.68
113 97.92
114 98.04
115 98.72
116 97.68
117 99.16
118 98.12
119 97.88
120 98.56
121 99.36
122 99.56
123 98.04
124 99.6
125 97.84
126 99.4
127 96.56
128 99.2
129 99.2
130 96.68
131 98.36
132 99.36
133 99.72
134 98.16
135 99.12
136 98.16
137 99.6
138 97.76
139 98.56
140 97.44
141 98.84
142 99.16
143 99.4
144 98.92
145 99.76
146 99.48
147 98.6
148 99.76
149 99.12
150 98.88
151 97.6
152 99.76
153 99.64
154 99.52
155 99.6
156 95.44
157 99.76
158 99.08
159 99.52
160 99.72
161 98.84
162 99.68
163 99.04
164 -100.88
165 99.8
166 99.64
167 99.16
168 99.28
169 99.6
170 99.76
171 99.72
172 99.68
173 99.6
174 98.28
175 99.48
176 98.64
177 98.28
178 99.72
179 98.88
180 99.48
181 99.64
182 99.24
183 99.72
184 99.6
185 99.76
186 99.4
187 99.6
188 98.76
189 99.52
190 99.44
191 99.68
192 99.76
193 99.36
194 99.52
195 99.28
196 99.68
197 99.72
198 99.24
199 99.68
200 99.64
201 99.72
202 99.56
203 99.84
204 99.76
205 99.64
206 99.84
207 99.4
208 99.12
209 98.88
210 99.84
211 99.64
212 99.52
213 99.64
214 99.32
215 99.32
216 98.8
217 99.8
218 99.64
219 98.68
220 99.56
221 99.56
222 99.04
223 99.84
224 99.2
225 99.48
226 99.6
227 98.76
228 99.84
229 99.76
230 99.64
231 99.6
232 99.56
233 99.4
234 99.28
235 98.88
236 99.28
237 99.76
238 99.56
239 99.76
240 99.44
241 99.36
242 99.4
243 99.32
244 98.56
245 99.48
246 99.68
247 99.76
248 99.84
249 99.12
250 99.36
251 99.08
252 99.8
253 99.32
254 99.52
255 99.52
256 99.76
257 98.92
258 99.52
259 99.32
260 99.56
261 99.76
262 99.32
263 99.72
264 99.52
265 99.52
266 99.76
267 99.24
268 99.24
269 99.2
270 98.76
271 99.6
272 99.76
273 99.76
274 99.68
275 99.8
276 99.76
277 99.72
278 99.36
279 99.52
280 98.96
281 99.36
282 99.76
283 99.64
284 99.12
285 99.8
286 99.32
287 99.8
288 98.56
289 99.8
290 99.8
291 99.36
292 99.08
293 98.84
294 99.72
295 99.44
296 99.44
297 99.24
298 99.84
299 99.64
300 99.68
301 99.72
302 99.64
303 99.76
304 99.68
305 98.96
306 99.84
307 99.32
308 99.76
309 99.44
310 99.68
311 98.64
312 99.64
313 99.6
314 98.96
315 99.72
316 99.72
317 99.64
318 99.52
319 99.76
320 99
321 99.64
322 99.32
323 99.56
324 99.48
325 99.32
326 99.28
327 99.56
328 99.52
329 99.64
330 99.28
331 99.68
332 99.44
333 99.48
334 99.76
335 99
336 98.84
337 99.84
338 99.48
339 99.84
340 99.8
341 99.8
342 99.84
343 99.84
344 99.76
345 99.8
346 99.72
347 99.76
348 99.84
349 99.84
350 99.6
351 99.8
352 99.6
353 99.84
354 98.92
355 99.84
356 99.64
357 99.84
358 99.8
359 99.72
360 99.84
361 99.8
362 99.84
363 99.84
364 99.84
365 99.68
366 99.84
367 99.8
368 99.72
369 99.84
370 99.84
371 99.6
372 98.8
373 99.84
374 99.72
375 99.48
376 99.68
377 99.32
378 99.4
379 99.16
380 99.32
381 99.44
382 99.68
383 98.48
384 99.76
385 98.96
386 99.84
387 99.36
388 99.6
389 99.48
390 98.48
391 99.56
392 99.8
393 99.56
394 99.6
395 99.56
396 99.12
397 99.36
398 98.44
399 98.88
400 99.72
401 99.6
402 99.16
403 99.44
404 99.6
405 99.72
406 97.96
407 -100.64
408 99.44
409 99.8
410 98.84
411 99.68
412 99.84
413 99.44
414 99.64
415 99.4
416 99.48
417 99.8
418 99.36
419 99.6
420 99.8
421 99.6
422 99.48
423 99.52
424 98.96
425 99.24
426 99.24
427 99.84
428 98.84
429 99.64
430 99.64
431 99.36
432 99.76
433 99.76
434 99.6
435 99.64
436 99.24
437 99.76
438 99.44
439 99.72
440 98.68
441 98.72
442 98.92
443 99.16
444 99.8
445 99.12
446 98.84
447 99.72
448 99.68
449 99
450 99.64
451 99.76
452 99.04
453 99.64
454 99.16
455 99.44
456 98.84
457 99.48
458 99
459 99.76
460 99.8
461 99.68
462 99.84
463 99.76
464 99.84
465 99.84
466 99.24
467 99.84
468 99.72
469 99.76
470 99.84
471 99.44
472 99.72
473 99.84
474 99.8
475 99.68
476 99.6
477 99.76
478 99.84
479 99.8
480 99.64
481 99.72
482 99.68
483 99.64
484 99.84
485 99.8
486 99.8
487 99.8
488 99.72
489 99.8
490 99.84
491 99.68
492 99.8
493 99.84
494 99.76
495 99.76
496 99.52
497 99.84
498 99.76
499 99.76
500 99.72
501 99.76
502 99.44
503 99.72
504 99.72
505 99.76
506 99.36
507 99.8
508 99.84
509 99.76
510 99.4
511 99.72
512 99.72
513 99.76
514 99.84
515 99.72
516 99.84
517 99.8
518 99.84
519 99.68
520 99.84
521 99.64
522 99.8
523 99.8
524 98.56
525 99.72
526 99.68
527 99.64
528 99.76
529 99.8
530 99.72
531 99.8
532 99.6
533 99.76
534 99.56
535 99.8
536 99.84
537 99.72
538 99.76
539 99.84
540 99.84
541 99.6
542 99.72
543 99.84
544 99.8
545 99.84
546 99.8
547 99.76
548 99.8
549 99.72
550 99.76
551 99.6
552 99.84
553 99.84
554 99.84
555 99.68
556 99.64
557 99.72
558 99.84
559 99.8
560 98.72
561 99.84
562 99.84
563 99.28
564 99.76
565 99.76
566 99.84
567 99.84
568 99.84
569 99.76
570 99.84
571 99.8
572 99.84
573 98.8
574 99.56
575 99.76
576 99.76
577 99.84
578 99.84
579 98.96
580 99.84
581 99.64
582 99.84
583 99.8
584 99.84
585 98.88
586 99.76
587 99.76
588 99.8
589 99.8
590 99.76
591 99.64
592 99.84
593 99.8
594 99.84
595 99.4
596 99.8
597 99.64
598 99.68
599 99.68
600 99.52
601 99.8
602 99.84
603 99.8
604 99.76
605 99.84
606 99.64
607 99.8
608 99.8
609 99.72
610 99.72
611 99.84
612 99.6
613 99.8
614 98.92
615 99.84
616 99.84
617 99.64
618 99.8
619 99.8
620 99.76
621 99.76
622 99.8
623 99.56
624 99.6
625 99.8
626 99.64
627 99.28
628 99.68
629 99.6
630 99.84
631 99.28
632 99.8
633 99.76
634 99.84
635 99.84
636 99.6
637 99.68
638 99.84
639 99.84
640 99.68
641 99.84
642 99.6
643 99.8
644 99.8
645 99.72
646 99.84
647 98.76
648 99.8
649 99.68
650 99.84
651 99.76
652 99.8
653 99.16
654 99.76
655 99.8
656 99.76
657 99.68
658 99.8
659 99.56
660 99.44
661 99.84
662 99.76
663 99.64
664 99.72
665 99.84
666 99.72
667 99.84
668 99.84
669 99.84
670 99.8
671 99.84
672 99.76
673 99.56
674 99.68
675 99.8
676 99.76
677 99.64
678 99.84
679 99.28
680 99.8
681 99.8
682 99.2
683 99.56
684 99.84
685 99.8
686 99.72
687 99.76
688 99.68
689 99.72
690 98.8
691 99.8
692 99.84
693 99.68
694 99.84
695 99.68
696 99.76
697 99.84
698 99.68
699 99.84
700 99.84
701 99.8
702 99.8
703 99.72
704 -100.36
705 99.8
706 99.64
707 99.84
708 99.48
709 99.72
710 99.8
711 99.84
712 99.16
713 99.72
714 99.64
715 99.8
716 99.84
717 99.76
718 99.56
719 99.68
720 99.76
721 99.8
722 99.84
723 99.84
724 99.8
725 99.64
726 99.6
727 99.76
728 99.76
729 98.28
730 99.56
731 99.8
732 99.68
733 99.8
734 99.76
735 99.72
736 99.6
737 99.44
738 99.76
739 99.16
740 99.72
741 99.84
742 98.88
743 99.76
744 99.24
745 99.76
746 99.8
747 99.68
748 99.8
749 99.24
750 99.8
751 99.72
752 99.8
753 99.64
754 99.84
755 99.84
756 99.76
757 98.6
758 99.76
759 99.56
760 99.72
761 99.32
762 99.12
763 99.8
764 99.76
765 99.4
766 99.8
767 99.76
768 99.68
769 99.4
770 99.72
771 99.72
772 99.84
773 99.8
774 99.84
775 99.68
776 99.24
777 99.8
778 99.76
779 99.32
780 99.48
781 99.84
782 99.8
783 99.72
784 99.84
785 99.72
786 99.8
787 99.68
788 99.8
789 99.56
790 98.84
791 99.84
792 99.64
793 99.84
794 99.56
795 99.76
796 99.32
797 99.76
798 99.72
799 99.76
800 99.6
801 99.8
802 99.84
803 99.76
804 99.76
805 99.8
806 99.72
807 99.76
808 99.64
809 99.68
810 99.8
811 99.8
812 99.76
813 99.8
814 99.56
815 99.72
816 99.76
817 99.72
818 99.8
819 99.76
820 99.72
821 99.8
822 99.84
823 99.48
824 99.76
825 99.84
826 99.8
827 99.84
828 99.84
829 99.72
830 99.84
831 99.64
832 99.72
833 99.84
834 99.84
835 99.8
836 99.64
837 99.8
838 99.76
839 99.76
840 99.8
841 99.84
842 99.4
843 99.72
844 99.72
845 99.52
846 99.8
847 99.76
848 99.72
849 99.8
850 99.52
851 99.6
852 99.72
853 98.96
854 99.84
855 99.84
856 99.84
857 99.68
858 99.84
859 99.72
860 99.8
861 99.8
862 99.44
863 99.56
864 99.84
865 99.84
866 99.76
867 99.76
868 99.8
869 99.08
870 99.84
871 99.84
872 99.48
873 99.84
874 99.48
875 99.56
876 99.84
877 99.84
878 99.8
879 99.68
880 99.76
881 99.64
882 99.84
883 99.76
884 99.84
885 99.84
886 99.76
887 99.72
888 99.84
889 99.76
890 99.84
891 99.76
892 99.68
893 99.84
894 99.8
895 99.76
896 99.56
897 99.8
898 99.64
899 99.76
900 99.48
901 99.12
902 99.8
903 99.64
904 99.08
905 99.72
906 99.84
907 99.76
908 99.8
909 99.64
910 99.44
911 99.84
912 99.68
913 99.6
914 99.84
915 99.84
916 99.76
917 99.84
918 99.68
919 99.44
920 99.8
921 98.92
922 99.76
923 99.84
924 99.2
925 99.84
926 99.84
927 99.68
928 99.8
929 99.76
930 99.84
931 -100.44
932 99.6
933 99.8
934 99.48
935 99.84
936 99.8
937 99.8
938 99.76
939 99.84
940 99.84
941 99.6
942 99.12
943 99.52
944 99.84
945 99.56
946 99.84
947 98.8
948 99.36
949 99.84
950 99.68
951 99.76
952 99.72
953 99.8
954 99.84
955 99.84
956 99.68
957 99.84
958 99.84
959 99.8
960 99.4
961 99.12
962 99.84
963 99.6
964 99.76
965 99.84
966 99.76
967 99.8
968 99.84
969 99.8
970 99.76
971 99.84
972 99.44
973 99.76
974 99.76
975 99.76
976 99.68
977 99.84
978 99.84
979 99.84
980 99.76
981 99.76
982 99.08
983 99.72
984 99.6
985 99.84
986 99.68
987 99.76
988 99.8
989 99.84
990 99.2
991 99.52
992 99.84
993 99.8
994 99.72
995 99.44
996 99.8
997 99.72
998 99.72
999 99.84
1000 99.84
1001 99.76
1002 99.84
1003 99.84
1004 99.84
1005 99.8
1006 99.84
1007 99.84
1008 99.8
1009 99.76
1010 99.84
1011 99.84
1012 99.76
1013 99.8
1014 99.72
1015 99.8
1016 99.76
1017 99.16
1018 99.6
1019 99.84
1020 99.64
1021 99.84
1022 99.76
1023 99.8
1024 99.72
1025 99.8
1026 99.76
1027 99.76
1028 99.76
1029 99.84
1030 99.76
1031 99.24
1032 99.28
1033 98.68
1034 99.84
1035 98.76
1036 99.84
1037 99.84
1038 99.8
1039 99.64
1040 99.6
1041 99.56
1042 99.8
1043 99.72
1044 99.84
1045 99.76
1046 99.8
1047 99.56
1048 99.68
1049 99.8
1050 99.72
1051 99.76
1052 99.8
1053 99.8
1054 99.8
1055 99.84
1056 99.84
1057 99.84
1058 99.44
1059 99.76
1060 99.8
1061 99.76
1062 99.24
1063 99.8
1064 99.84
1065 99.68
1066 99.72
1067 99.8
1068 99.8
1069 99.84
1070 99.8
1071 99.8
1072 99.68
1073 99.84
1074 99.84
1075 99.28
1076 99.8
1077 99.84
1078 99.8
1079 99.8
1080 99.84
1081 99.8
1082 99.8
1083 99.64
1084 99.84
1085 99.76
1086 99.84
1087 99.64
1088 99.8
1089 99.8
1090 99.8
1091 99.8
1092 99.84
1093 99.84
1094 99.8
1095 99.64
1096 99.68
1097 99.76
1098 99.72
1099 99.8
1100 99.8
1101 99.72
1102 99.8
1103 99.76
1104 99.72
1105 99.6
1106 99.8
1107 99.8
1108 99.8
1109 99.84
1110 99.8
1111 99.76
1112 99.8
1113 99.76
1114 99.8
1115 99.6
1116 99.84
1117 99.76
1118 99.84
1119 99.56
1120 99.76
1121 99.52
1122 99.32
1123 99.44
1124 99.84
1125 98.92
1126 99.8
1127 99.84
1128 99.64
1129 99.84
1130 99.76
1131 99.68
1132 99.84
1133 99.84
1134 99.84
1135 99.4
1136 99.76
1137 99.72
1138 99.84
1139 99.8
1140 99.8
1141 99.84
1142 99.6
1143 99.72
1144 99.84
1145 99.84
1146 99.76
1147 99.76
1148 99.84
1149 99.72
1150 99.72
1151 99.72
1152 99.8
1153 99.76
1154 99.84
1155 99.84
1156 99.36
1157 99.56
1158 99.8
1159 99.84
1160 99.8
1161 99.84
1162 99.8
1163 99.8
1164 99.8
1165 99.04
1166 99.84
1167 99.8
1168 99.64
1169 99.84
1170 99.8
1171 99.56
1172 99.84
1173 99.76
1174 99.76
1175 99.76
1176 99.84
1177 99.8
1178 99.56
1179 99.8
1180 99.84
1181 99.64
1182 99.8
1183 99.76
1184 99.12
1185 99.76
1186 99.24
1187 99.8
1188 99.76
1189 99.84
1190 99.64
1191 99.28
1192 99.8
1193 99.76
1194 99.84
1195 99.8
1196 99.72
1197 99.84
1198 99.48
1199 99.84
1200 99.84
1201 99.84
1202 99.56
1203 99.84
1204 99.52
1205 99.76
1206 99.68
1207 99.84
1208 99.84
1209 99.84
1210 99.76
1211 99.68
1212 99.76
1213 99.76
1214 99.8
1215 99.84
1216 99.84
1217 99.84
1218 98.96
1219 99.72
1220 99.56
1221 99.8
1222 99.8
1223 99.64
1224 99.8
1225 99.84
1226 99.64
1227 99.68
1228 99.8
1229 99.68
1230 99.84
1231 99.68
1232 99.84
1233 99.8
1234 99.6
1235 99.72
1236 99.84
1237 99.6
1238 99.84
1239 99.84
1240 99.76
1241 99.8
1242 99.84
1243 99.84
1244 99.68
1245 99.52
1246 99.8
1247 99.8
1248 99.84
1249 99.52
1250 99.64
1251 99.72
1252 99.72
1253 99.76
1254 99.76
1255 99.72
1256 -100.44
1257 99.84
1258 99.76
1259 99.8
1260 -100.4
1261 99.64
1262 99.76
1263 99.68
1264 99.76
1265 99.84
1266 99.72
1267 99.8
1268 99.8
1269 99.84
1270 99.76
1271 99.8
1272 99.8
1273 99.76
1274 99.08
1275 99.84
1276 99.68
1277 99.76
1278 99.8
1279 99.76
1280 99.72
1281 99.76
1282 99.76
1283 99.24
1284 99.56
1285 99.84
1286 99.76
1287 99.76
1288 99.52
1289 99.8
1290 99.84
1291 99.76
1292 99.8
1293 99.84
1294 99.8
1295 99.32
1296 99.8
1297 99.48
1298 99.8
1299 99.76
1300 99.6
1301 99.64
1302 99.76
1303 99.8
1304 99.6
1305 99.8
1306 99.8
1307 99.72
1308 99
1309 99.56
1310 99.64
1311 99.84
1312 99.76
1313 99.84
1314 99.68
1315 98.96
1316 99.84
1317 99.72
1318 99.84
1319 99.24
1320 99.72
1321 99.8
1322 99.56
1323 99.84
1324 99.76
1325 99.16
1326 99.4
1327 99.84
1328 99.64
1329 99.8
1330 99.84
1331 99.6
1332 99.52
1333 99.8
1334 99.8
1335 99.8
1336 99.52
1337 99.72
1338 99.8
1339 99.84
1340 99.6
1341 99.52
1342 99.8
1343 99.64
1344 99.68
1345 99.84
1346 99.8
1347 99.76
1348 99.84
1349 99.84
1350 99.84
1351 99.64
1352 99.84
1353 99.68
1354 99.84
1355 99.8
1356 99.84
1357 99.72
1358 99.76
1359 99.68
1360 99.8
1361 99.76
1362 99.76
1363 99.28
1364 99.8
1365 99.84
1366 99.8
1367 99.76
1368 99.68
1369 99.8
1370 99.8
1371 -101.24
1372 99.72
1373 99.84
1374 99.84
1375 99.8
1376 99.56
1377 99.6
1378 99.84
1379 99.76
1380 99.84
1381 99.72
1382 99.8
1383 99.64
1384 99.72
1385 99.84
1386 99.8
1387 99.68
1388 99.84
1389 99.84
1390 99.8
1391 99.68
1392 99.76
1393 99.76
1394 99.68
1395 99.76
1396 99.84
1397 99.84
1398 99.8
1399 99.6
1400 99.8
1401 99.52
1402 99.76
1403 99.84
1404 99.8
1405 99.84
1406 99.84
1407 99.64
1408 99.8
1409 99.8
1410 99.56
1411 99.8
1412 99.24
1413 99.84
1414 99.12
1415 99.8
1416 99.76
1417 99.84
1418 99.68
1419 99.6
1420 98.68
1421 99.84
1422 99.8
1423 -100.44
1424 99.72
1425 99.8
1426 99.84
1427 99.68
1428 99.8
1429 99.84
1430 99.76
1431 99.84
1432 99.84
1433 99.68
1434 99.76
1435 99.76
1436 99.64
1437 99.8
1438 99.8
1439 99.84
1440 99.72
1441 99.32
1442 98.64
1443 99.28
1444 99.12
1445 99.44
1446 99.64
1447 99.44
1448 99.04
1449 99.76
1450 99.76
1451 99.84
1452 99.68
1453 99.32
1454 99.04
1455 99.72
1456 99.84
1457 99.64
1458 99.64
1459 99.84
1460 99.84
1461 99.8
1462 99.84
1463 99.72
1464 99.76
1465 99.64
1466 99.8
1467 99.76
1468 99.84
1469 99.68
1470 99.76
1471 99.8
1472 99.76
1473 99.84
1474 99.76
1475 99.64
1476 99.64
1477 99.76
1478 99.8
1479 99.84
1480 99.84
1481 99.72
1482 99.84
1483 99.36
1484 99.76
1485 99.8
1486 99.68
1487 99.52
1488 99.8
1489 99.8
1490 99.84
1491 99.76
1492 99.84
1493 99.76
1494 99.68
1495 99.76
1496 99.12
1497 99.84
1498 99.8
1499 99.8
1500 99.28
1501 99.84
1502 99.8
1503 99.8
1504 99.84
1505 99.84
1506 99.72
1507 99.72
1508 99.8
1509 99.8
1510 99.8
1511 99.76
1512 99.84
1513 99.84
1514 99.12
1515 99.6
1516 99.8
1517 99.76
1518 99.84
1519 99.8
1520 99.72
1521 99.84
1522 99.72
1523 99.76
1524 99.84
1525 99.84
1526 99.76
1527 99.72
1528 99.8
1529 99.76
1530 99.04
1531 99.76
1532 99.8
1533 99.76
1534 99.8
1535 99.44
1536 99.56
1537 99.8
1538 99.8
1539 99.84
1540 99.8
1541 99.76
1542 99.8
1543 99.8
1544 99.56
1545 98.52
1546 99.84
1547 99.8
1548 99.84
1549 99.72
1550 99.84
1551 99.76
1552 99.72
1553 99.72
1554 99.76
1555 99.84
1556 99.8
1557 99.44
1558 99.84
1559 99.48
1560 99.8
1561 99.84
1562 99.76
1563 99.76
1564 99.76
1565 99.84
1566 99.8
1567 99.68
1568 99.64
1569 99.76
1570 99.76
1571 99.84
1572 99.68
1573 99.84
1574 99.84
1575 99.2
1576 99.8
1577 99.8
1578 99.76
1579 99.68
1580 99.8
1581 99.24
1582 99.8
1583 99.84
1584 99.8
1585 99.76
1586 98.92
1587 99.64
1588 99.72
1589 99.84
1590 99.76
1591 99.8
1592 99.8
1593 99.64
1594 99.32
1595 99.8
1596 99.84
1597 99.72
1598 99.8
1599 99.76
1600 99.76
1601 99.76
1602 99.84
1603 99.84
1604 99.72
1605 99.84
1606 99.76
1607 99.6
1608 99.72
1609 99.76
1610 99.6
1611 99.8
1612 99.8
1613 99.76
1614 99.56
1615 99.84
1616 99.6
1617 99.84
1618 99.68
1619 99.8
1620 99.64
1621 99.76
1622 99.8
1623 99.8
1624 99.84
1625 99.76
1626 99.8
1627 99.76
1628 99.8
1629 99.8
1630 99.8
1631 99.84
1632 99.84
1633 99.76
1634 99.84
1635 99.84
1636 99.8
1637 99.48
1638 99.8
1639 99.48
1640 99.84
1641 99.84
1642 99.68
1643 99.8
1644 99.84
1645 99.76
1646 99.8
1647 99.76
1648 99.8
1649 99.56
1650 99.8
1651 99.84
1652 99.8
1653 99.68
1654 99.84
1655 99.76
1656 99.8
1657 99.84
1658 99.76
1659 99.84
1660 99.8
1661 99.8
1662 99.08
1663 99.48
1664 99.76
1665 99.76
1666 99.76
1667 99.84
1668 99.68
1669 99.8
1670 99.84
1671 99.72
1672 99.8
1673 99.76
1674 99.84
1675 99.76
1676 99.76
1677 99.72
1678 99.84
1679 99.72
1680 99.6
1681 99.84
1682 99.16
1683 99.84
1684 99.68
1685 99.68
1686 98.84
1687 99.76
1688 99.6
1689 99.76
1690 99.84
1691 99.84
1692 99.8
1693 99.68
1694 99.56
1695 99.72
1696 99.8
1697 99.76
1698 99.64
1699 99.6
1700 99.16
1701 99.76
1702 99.76
1703 99.2
1704 99.84
1705 99.84
1706 99.72
1707 99.8
1708 99.72
1709 99.84
1710 99.76
1711 99.84
1712 99.72
1713 99.76
1714 99.76
1715 99.84
1716 99.84
1717 99.72
1718 99.84
1719 99.68
1720 99.76
1721 99.76
1722 99.76
1723 99.8
1724 99.8
1725 99.8
1726 99.72
1727 99.76
1728 99.84
1729 99.76
1730 99.64
1731 -100.24
1732 99.84
1733 98.68
1734 99.8
1735 -100.56
1736 99.8
1737 99.36
1738 99.76
1739 99.84
1740 99.28
1741 99.08
1742 99.72
1743 99.84
1744 99.8
1745 99.76
1746 99.84
1747 99.8
1748 98.96
1749 99
1750 99.76
1751 99.76
1752 99.8
1753 99.72
1754 99.72
1755 99.84
1756 99.76
1757 99.8
1758 99.76
1759 99.84
1760 99.8
1761 99.72
1762 99.72
1763 99.84
1764 99.72
1765 99.16
1766 99.84
1767 99.8
1768 99.84
1769 98.32
1770 99.8
1771 99.84
1772 99.72
1773 99.76
1774 99.8
1775 99.84
1776 99.84
1777 99.76
1778 99.72
1779 99.76
1780 99.6
1781 99.72
1782 99.76
1783 99.76
1784 99.72
1785 99.84
1786 99.84
1787 99.76
1788 99.28
1789 99.76
1790 99.76
1791 99.76
1792 99.8
1793 99.8
1794 99.8
1795 99.76
1796 99.8
1797 99.8
1798 99.8
1799 99.8
1800 99.16
1801 99.72
1802 99.84
1803 99.68
1804 99.64
1805 99.56
1806 99.6
1807 99.84
1808 99.76
1809 99.8
1810 99.68
1811 99.64
1812 99.84
1813 99.36
1814 99.84
1815 99.84
1816 99.84
1817 99.76
1818 99.72
1819 99.32
1820 99.84
1821 99.84
1822 99.84
1823 99.84
1824 99.76
1825 99.8
1826 99.24
1827 99.76
1828 99.64
1829 99.84
1830 99.68
1831 99.8
1832 99.68
1833 99.8
1834 99.84
1835 99.8
1836 99.72
1837 99.84
1838 99.72
1839 99.52
1840 99.84
1841 99.8
1842 99.8
1843 99.76
1844 99.84
1845 99.68
1846 99.72
1847 99.8
1848 99.84
1849 99.76
1850 99.8
1851 99.16
1852 99.72
1853 99.72
1854 99.84
1855 99.84
1856 99.8
1857 99.68
1858 99.8
1859 99.72
1860 99.8
1861 99.4
1862 99.68
1863 99.72
1864 99.76
1865 99.76
1866 99.76
1867 99.84
1868 99.68
1869 99.8
1870 99.72
1871 99.56
1872 99.72
1873 99.84
1874 99.8
1875 99.84
1876 99.72
1877 99.8
1878 99.8
1879 99.8
1880 99.84
1881 99.64
1882 99.68
1883 99.72
1884 99.32
1885 99.84
1886 99.84
1887 99.8
1888 99.84
1889 99.84
1890 98.44
1891 99.84
1892 99.64
1893 99.84
1894 99.84
1895 99.84
1896 99.84
1897 99.84
1898 99.8
1899 99.84
1900 99.8
1901 99.64
1902 99.68
1903 99.76
1904 99.84
1905 99.56
1906 99.8
1907 99.72
1908 99.6
1909 99.76
1910 99.84
1911 99.8
1912 99.84
1913 99.76
1914 99.4
1915 99.68
1916 99.8
1917 99.8
1918 99.8
1919 99.48
1920 99.72
1921 99.84
1922 99.84
1923 99.84
1924 99.76
1925 99.56
1926 99.68
1927 99.8
1928 99.84
1929 99.84
1930 99.72
1931 -101
1932 99.76
1933 99.84
1934 99.76
1935 99.84
1936 99.76
1937 99.8
1938 99.76
1939 99.8
1940 99.84
1941 99.8
1942 99.8
1943 99.8
1944 99.8
1945 99.76
1946 99.72
1947 99.84
1948 99.84
1949 99.72
1950 99.4
1951 99.4
1952 99.8
1953 99.16
1954 99.76
1955 99.8
1956 99.68
1957 99.8
1958 99.8
1959 99.8
1960 99.44
1961 98.96
1962 99.84
1963 99.84
1964 99.72
1965 99.84
1966 99.8
1967 99.72
1968 99.76
1969 99.76
1970 99.84
1971 99.84
1972 99.24
1973 99.84
1974 99.8
1975 99.84
1976 99.76
1977 99.84
1978 99.84
1979 99.84
1980 99.84
1981 99.52
1982 99.84
1983 99.68
1984 99.8
1985 99.76
1986 99.8
1987 99.84
1988 99.76
1989 99.68
1990 99.64
1991 99.84
1992 -100.28
1993 99.16
1994 99.84
1995 99.8
1996 99.84
1997 99.72
1998 99.64
1999 99.84
2000 99.64
2001 99.6
2002 99.32
2003 99.84
2004 99.76
2005 99.84
2006 99.84
2007 98.92
2008 99.52
2009 99.8
2010 99.76
2011 99.8
2012 99.8
2013 99.84
2014 99.84
2015 99.84
2016 99.84
2017 99.8
2018 99.68
2019 99.64
2020 99.8
2021 99.68
2022 99.6
2023 99.84
2024 99.8
2025 99.84
2026 99.84
2027 99.84
2028 99.84
2029 99.84
2030 99.84
2031 99.84
2032 99.8
2033 99.76
2034 99.8
2035 99.64
2036 99.8
2037 99.76
2038 99.84
2039 99.84
2040 99.8
2041 99.8
2042 99.8
2043 99.84
2044 99.8
2045 99.84
2046 99.76
2047 99.84
2048 99.76
2049 99.84
2050 99.76
2051 99.84
2052 99.64
2053 99.8
2054 99.4
2055 99.84
2056 99.76
2057 99.84
2058 99.6
2059 98.8
2060 99.84
2061 99.8
2062 99.8
2063 99.84
2064 99.76
2065 99.84
2066 99.84
2067 99.48
2068 99.84
2069 99.8
2070 99.8
2071 99.8
2072 99.76
2073 99.6
2074 99.76
2075 99.44
2076 99.8
2077 99.76
2078 99.76
2079 99.8
2080 99.84
2081 99.76
2082 99.32
2083 99.8
2084 99.68
2085 99.64
2086 99.8
2087 99.72
2088 99.84
2089 -100.44
2090 99.8
2091 98.96
2092 99.8
2093 99.84
2094 99.64
2095 99.72
2096 99.84
2097 99.8
2098 99.84
2099 99.76
2100 99.76
2101 99.4
2102 99.84
2103 99.68
2104 99.08
2105 99.84
2106 99.84
2107 99.84
2108 99.56
2109 99.64
2110 99.2
2111 99.8
2112 99.8
2113 99.84
2114 99.8
2115 99.32
2116 99.68
2117 99.84
2118 99.84
2119 99.76
2120 99.84
2121 99.72
2122 99.8
2123 99.68
2124 99.68
2125 99.8
2126 99.76
2127 99.72
2128 99.8
2129 99.84
2130 99.6
2131 99.2
2132 99.76
2133 99.8
2134 99.76
2135 99.72
2136 99.72
2137 99.8
2138 99.68
2139 99.76
2140 99.72
2141 99.56
2142 99.84
2143 99.08
2144 99.84
2145 99.84
2146 99.8
2147 99.8
2148 99.32
2149 99.72
2150 99.76
2151 99.36
2152 99.76
2153 99.76
2154 99.84
2155 99.68
2156 99.76
2157 99.8
2158 99.68
2159 99.84
2160 99.68
2161 99.76
2162 99.8
2163 99.84
2164 99.6
2165 99.8
2166 99.8
2167 99.36
2168 99.8
2169 99.8
2170 99.84
2171 99.76
2172 99.84
2173 99.6
2174 99.76
2175 99.72
2176 99.68
2177 99.76
2178 99.76
2179 99.68
2180 99.8
2181 99.56
2182 99.72
2183 99.68
2184 99.84
2185 99.84
2186 99.84
2187 -100.72
2188 99.76
2189 99.84
2190 99.72
2191 99.84
2192 99.44
2193 99.84
2194 99.8
2195 99.8
2196 99.84
2197 99.84
2198 99.72
2199 99.72
2200 99.8
2201 98.84
2202 99.8
2203 99.76
2204 99.8
2205 99.36
2206 99.56
2207 99.72
2208 99.84
2209 99.8
2210 99.76
2211 99.6
2212 99.84
2213 99.72
2214 99.72
2215 99.52
2216 99.8
2217 99.56
2218 99.56
2219 99.8
2220 99.84
2221 99.76
2222 99.52
2223 99.8
2224 99.48
2225 99.24
2226 99.76
2227 99.8
2228 99.84
2229 99.8
2230 99.52
2231 99.8
2232 99.84
2233 99.72
2234 99.76
2235 99.84
2236 99.72
2237 99.76
2238 99.84
2239 99.84
2240 99.72
2241 99.72
2242 99.84
2243 99.72
2244 99.84
2245 99.84
2246 99.84
2247 99.68
2248 99.8
2249 99.84
2250 99.84
2251 99.84
2252 99.84
2253 99.68
2254 99.8
2255 99.64
2256 99.4
2257 99.72
2258 99.84
2259 99.72
2260 99.64
2261 99.68
2262 99.72
2263 99.64
2264 99.76
2265 99.84
2266 99.6
2267 99.84
2268 99.72
2269 -100.28
2270 99.12
2271 99.64
2272 99.28
2273 99.8
2274 99.84
2275 99.84
2276 99.6
2277 99.32
2278 99.72
2279 99.8
2280 99.84
2281 99.44
2282 99.84
2283 99.4
2284 99.8
2285 99.04
2286 99.68
2287 99.72
2288 99.84
2289 99.64
2290 99.68
2291 99.76
2292 99.68
2293 99.84
2294 99.52
2295 99.84
2296 99.76
2297 99.6
2298 99.72
2299 99.8
2300 99.76
2301 99.12
2302 99.72
2303 99.72
2304 99.68
2305 99.8
2306 99.72
2307 99.6
2308 99.68
2309 99.72
2310 99.68
2311 99.84
2312 99.72
2313 99.76
2314 99.8
2315 99.72
2316 99.84
2317 99.76
2318 99.8
2319 99.64
2320 99.84
2321 99.84
2322 99.68
2323 99.84
2324 99.76
2325 99.72
2326 99.84
2327 99.68
2328 99.72
2329 99.8
2330 99.84
2331 99.6
2332 99.84
2333 98.28
2334 99.84
2335 99.28
2336 99.72
2337 99.64
2338 99.8
2339 99.8
2340 99.76
2341 99.68
2342 99.68
2343 99.76
2344 99.84
2345 99.44
2346 99.56
2347 99.76
2348 99.76
2349 99.8
2350 99.8
2351 99.72
2352 99.48
2353 99.48
2354 99.8
2355 99.76
2356 99.76
2357 99.8
2358 99.64
2359 99.64
2360 99.84
2361 99.68
2362 99.76
2363 99.72
2364 99.84
2365 99.72
2366 99.04
2367 99.84
2368 99.72
2369 99.72
2370 99.28
2371 99.76
2372 99.84
2373 99.84
2374 99.32
2375 99.84
2376 99.76
2377 99.6
2378 99.8
2379 99.72
2380 99.8
2381 99.72
2382 99.8
2383 99.84
2384 99.76
2385 99.64
2386 99.8
2387 99.56
2388 99.72
2389 99.08
2390 99.64
2391 99.72
2392 99.8
2393 99.8
2394 99.76
2395 99.84
2396 99.56
2397 99.84
2398 99.72
2399 98.8
2400 99.8
2401 99.68
2402 99.36
2403 99.84
2404 99.84
2405 99.84
2406 99.84
2407 99.76
2408 99.84
2409 99.76
2410 99.84
2411 99.8
2412 99.44
2413 99.8
2414 99.76
2415 99.8
2416 99.8
2417 99.64
2418 99.84
2419 99.84
2420 99.76
2421 99.8
2422 99.8
2423 99.48
2424 99.76
2425 99.76
2426 98.84
2427 99.68
2428 99.24
2429 99.84
2430 99.84
2431 99.84
2432 99.84
2433 99.84
2434 99.76
2435 99.84
2436 99.64
2437 99.84
2438 99.8
2439 99.72
2440 99.2
2441 99.76
2442 99.56
2443 99.84
2444 99.64
2445 99.76
2446 99.56
2447 99.8
2448 98.96
2449 99.8
2450 99.8
2451 99.84
2452 99.72
2453 99.8
2454 99.84
2455 98.44
2456 99.84
2457 98.92
2458 99.68
2459 99.08
2460 99.48
2461 99.36
2462 99.64
2463 99.8
2464 99.76
2465 99.8
2466 99.72
2467 99.8
2468 99.8
2469 99.84
2470 99.56
2471 99.56
2472 99.84
2473 99.76
2474 99.72
2475 99.56
2476 99.4
2477 99.72
2478 99.84
2479 99.84
2480 99.52
2481 99.76
2482 99.76
2483 99.68
2484 99.84
2485 99.8
2486 99.44
2487 99.84
2488 99.84
2489 99.8
2490 99.72
2491 99.52
2492 99.6
2493 98.84
2494 99.16
2495 99.84
2496 99.8
2497 99.76
2498 99.8
2499 99.8
2500 99.6
2501 99.84
2502 99.2
2503 99.8
2504 99.84
2505 99.84
2506 99.76
2507 99.76
2508 99.84
2509 99.76
2510 99.72
2511 99.24
2512 99.84
2513 99.68
2514 99.6
2515 99.84
2516 99.84
2517 99.84
2518 99.8
2519 99.84
2520 99.84
2521 99.84
2522 99.84
2523 99.8
2524 99.36
2525 99.72
2526 99.84
2527 99.84
2528 99.84
2529 99.8
2530 99.72
2531 99.68
2532 99.84
2533 99.8
2534 99.84
2535 99.36
2536 99.84
2537 99.84
2538 99.84
2539 99.76
2540 99.84
2541 99.68
2542 99.76
2543 99.84
2544 99.52
2545 99.84
2546 99.24
2547 99.84
2548 99.68
2549 99.8
2550 99.52
2551 99.76
2552 99.76
2553 99.72
2554 99.64
2555 99.76
2556 99.56
2557 99.76
2558 99.76
2559 99.8
2560 99.72
2561 99.76
2562 99.16
2563 99.8
2564 99.68
2565 99.84
2566 99.8
2567 99.76
2568 99.72
2569 99.8
2570 99.84
2571 99.72
2572 99.8
2573 99.76
2574 99.72
2575 99.72
2576 99.6
2577 99.04
2578 99.8
2579 99.72
2580 99.6
2581 99.84
2582 99.84
2583 99.76
2584 99.8
2585 99.68
2586 99.76
2587 99.76
2588 99.84
2589 99.68
2590 99.84
2591 99.84
2592 99.76
2593 99.68
2594 99.76
2595 99.84
2596 99.64
2597 99.52
2598 99.8
2599 99.84
2600 99.8
2601 99.76
2602 99.8
2603 99.64
2604 99.8
2605 99.6
2606 99.72
2607 99.8
2608 99.72
2609 99.72
2610 99.52
2611 99.24
2612 99.84
2613 99.8
2614 99.84
2615 99.8
2616 99.8
2617 99.8
2618 99.84
2619 99.8
2620 99.8
2621 99.36
2622 99.8
2623 99.76
2624 99.56
2625 99.64
2626 99.8
2627 99.76
2628 99.8
2629 99.64
2630 99.84
2631 99.24
2632 99.8
2633 99.76
2634 99.6
2635 99.72
2636 99.72
2637 99.8
2638 99.8
2639 99.84
2640 99.76
2641 99.76
2642 99.76
2643 99.76
2644 99.76
2645 99.64
2646 99.8
2647 99.8
2648 99.8
2649 99.84
2650 99.84
2651 99.36
2652 99.52
2653 99.76
2654 99.84
2655 99.8
2656 99.84
2657 99.84
2658 99.52
2659 99.84
2660 99.68
2661 99.76
2662 99.64
2663 -100.8
2664 99.76
2665 99.6
2666 99.76
2667 99.72
2668 99.8
2669 99.6
2670 99.84
2671 99.84
2672 99.76
2673 99.8
2674 98.88
2675 99.6
2676 99.8
2677 99.84
2678 99.84
2679 99.8
2680 99.16
2681 99.8
2682 99.76
2683 99.72
2684 99.84
2685 99.8
2686 99.76
2687 99.56
2688 99.8
2689 99.8
2690 99.68
2691 99.16
2692 99.48
2693 99.84
2694 99.76
2695 99.84
2696 99.84
2697 99.32
2698 99.84
2699 -100.4
2700 99.84
2701 99.76
2702 99.72
2703 99
2704 99.72
2705 99.56
2706 99.76
2707 99.72
2708 99.44
2709 99.8
2710 99.28
2711 99.76
2712 99.84
2713 99.68
2714 99.68
2715 99.84
2716 99.8
2717 99.8
2718 99.84
2719 99.8
2720 99.84
2721 99.68
2722 99.8
2723 99.72
2724 99.72
2725 99.8
2726 99.76
2727 99.84
2728 98.88
2729 99.68
2730 99.68
2731 99.84
2732 -101
2733 99.84
2734 99.8
2735 99.84
2736 99.84
2737 99.84
2738 99.84
2739 99.84
2740 99.8
2741 99.8
2742 98.8
2743 98.6
2744 99.76
2745 99.84
2746 99.8
2747 99.84
2748 99.84
2749 99.8
2750 99.76
2751 99.8
2752 99.76
2753 99.84
2754 99.8
2755 99.76
2756 99.84
2757 -100.4
2758 99.76
2759 99.8
2760 99.68
2761 99.32
2762 99.72
2763 99.84
2764 99.2
2765 99.84
2766 99.84
2767 99.84
2768 99.84
2769 99.84
2770 99.84
2771 99.76
2772 99.84
2773 99.8
2774 99.72
2775 99.6
2776 99.8
2777 99.84
2778 99.8
2779 99.8
2780 99.84
2781 99.8
2782 99.84
2783 99.68
2784 99.68
2785 99.76
2786 99.84
2787 99.72
2788 99.72
2789 99.84
2790 99.8
2791 99.8
2792 99.28
2793 99.84
2794 99.84
2795 97.48
2796 99.6
2797 99.84
2798 99.84
2799 99.8
2800 99.2
2801 99.84
2802 99.6
2803 99.8
2804 99.48
2805 99.76
2806 99.84
2807 99.76
2808 99.84
2809 99.84
2810 99.8
2811 99.76
2812 99.84
2813 99.68
2814 99.8
2815 99.76
2816 99.2
2817 99.8
2818 99.16
2819 99.72
2820 99.28
2821 99.68
2822 99.72
2823 99.64
2824 99.84
2825 99.76
2826 99.76
2827 99.8
2828 99.8
2829 99.72
2830 99.8
2831 99.8
2832 99.84
2833 99.72
2834 99.84
2835 99.84
2836 99.76
2837 99.84
2838 99.56
2839 99.84
2840 99.8
2841 99.84
2842 99.52
2843 99.84
2844 99.76
2845 99.84
2846 99.8
2847 99.68
2848 99.08
2849 99.76
2850 99.76
2851 99.8
2852 99.84
2853 99.64
2854 99.84
2855 99.8
2856 99.84
2857 99.84
2858 99.84
2859 99.64
2860 99.72
2861 99.64
2862 99.76
2863 99.84
2864 99.72
2865 99.8
2866 99.76
2867 99.12
2868 99.8
2869 99.72
2870 99.84
2871 99.8
2872 99.6
2873 99.76
2874 99.72
2875 99.84
2876 99.84
2877 99.4
2878 99.36
2879 99.6
2880 99.6
2881 99.64
2882 99.8
2883 99.84
2884 99.84
2885 99.8
2886 99.8
2887 99.68
2888 99.64
2889 99.84
2890 99.8
2891 99.84
2892 99.76
2893 99.64
2894 99.72
2895 99.76
2896 99.84
2897 99.84
2898 99.84
2899 99.84
2900 99.84
2901 99.8
2902 99.8
2903 99.08
2904 99.72
2905 99.84
2906 99.8
2907 99.76
2908 99.28
2909 99.84
2910 99.76
2911 99.68
2912 99.6
2913 99.8
2914 99.8
2915 -100.8
2916 99.8
2917 99.84
2918 99.8
2919 99.68
2920 99.84
2921 99.72
2922 99.8
2923 99.8
2924 99.76
2925 99.8
2926 99.84
2927 99.8
2928 99.84
2929 99.84
2930 99.84
2931 99.84
2932 99.8
2933 99.64
2934 99.68
2935 99.84
2936 99.84
2937 99.84
2938 99.72
2939 99.76
2940 99.56
2941 99.72
2942 99.8
2943 99.8
2944 99.76
2945 99.04
2946 99.8
2947 99.68
2948 99.84
2949 99.64
2950 99.64
2951 99.64
2952 99.84
2953 99.8
2954 99.68
2955 99.8
2956 99.76
2957 99.8
2958 99.8
2959 98.88
2960 99.84
2961 99.72
2962 99.8
2963 99.84
2964 99.72
2965 99.6
2966 99.84
2967 99.72
2968 99.8
2969 99.8
2970 99.52
2971 99.8
2972 99.76
2973 99.8
2974 99.84
2975 99.84
2976 99.8
2977 99.84
2978 99.84
2979 99.72
2980 99.72
2981 99.72
2982 99.2
2983 99.68
2984 99.72
2985 99.8
2986 99.8
2987 99.8
2988 99.76
2989 99.8
2990 99.8
2991 99.64
2992 99.68
2993 99.04
2994 99.84
2995 99.8
2996 99.84
2997 98.96
2998 99.84
2999 99.84
