# Algoritmo: SARSA
# Ambiente: Cliff
0 -100
1 -114
2 -193
3 -256
4 -136
5 -308
6 -157
7 -195
8 -109
9 -100
10 -145
11 -204
12 -112
13 -161
14 -100
15 -126
16 -182
17 -164
18 -319
19 -143
20 -147
21 -121
22 -221
23 -621
24 -100
25 -111
26 -119
27 -144
28 -228
29 -130
30 -204
31 -102
32 -157
33 -100
34 -163
35 -98
36 -81
37 -117
38 -76
39 -81
40 -141
41 -88
42 -41
43 -56
44 -75
45 -108
46 -81
47 -64
48 -173
49 -53
50 -63
51 -74
52 -70
53 -34
54 -110
55 -42
56 -67
57 -41
58 -68
59 -117
60 -77
61 -84
62 -50
63 -158
64 -48
65 -56
66 -97
67 -43
68 -65
69 -47
70 -55
71 -50
72 -53
73 -37
74 -50
75 -33
76 -116
77 -73
78 -64
79 -30
80 -33
81 -32
82 -31
83 -100
84 -46
85 -117
86 -63
87 -43
88 -39
89 -101
90 -43
91 -33
92 -38
93 -64
94 -116
95 -61
96 -76
97 -27
98 -29
99 -49
100 -107
101 -56
102 -28
103 -42
104 -67
105 -23
106 -32
107 -101
108 -43
109 -118
110 -50
111 -29
112 -101
113 -82
114 -31
115 -46
116 -47
117 -121
118 -20
119 -120
120 -100
121 -36
122 -31
123 -78
124 -49
125 -106
126 -107
127 -35
128 -128
129 -25
130 -46
131 -100
132 -22
133 -104
134 -41
135 -42
136 -65
137 -23
138 -32
139 -30
140 -27
141 -26
142 -102
143 -47
144 -100
145 -65
146 -56
147 -58
148 -94
149 -107
150 -37
151 -47
152 -28
153 -51
154 -100
155 -54
156 -48
157 -75
158 -100
159 -140
160 -116
161 -42
162 -102
163 -141
164 -43
165 -106
166 -41
167 -131
168 -34
169 -108
170 -57
171 -25
172 -109
173 -41
174 -22
175 -21
176 -28
177 -137
178 -58
179 -47
180 -139
181 -119
182 -135
183 -104
184 -30
185 -55
186 -37
187 -54
188 -24
189 -32
190 -32
191 -61
192 -49
193 -23
194 -25
195 -28
196 -31
197 -24
198 -37
199 -61
200 -104
201 -19
202 -22
203 -41
204 -22
205 -35
206 -30
207 -129
208 -32
209 -45
210 -22
211 -148
212 -30
213 -39
214 -30
215 -61
216 -30
217 -31
218 -30
219 -35
220 -51
221 -55
222 -36
223 -34
224 -44
225 -33
226 -26
227 -40
228 -103
229 -45
230 -44
231 -17
232 -17
233 -100
234 -47
235 -23
236 -101
237 -124
238 -20
239 -28
240 -22
241 -39
242 -17
243 -100
244 -36
245 -35
246 -28
247 -13
248 -43
249 -15
250 -30
251 -35
252 -100
253 -101
254 -54
255 -13
256 -25
257 -23
258 -19
259 -20
260 -36
261 -21
262 -33
263 -18
264 -30
265 -29
266 -23
267 -21
268 -23
269 -29
270 -19
271 -32
272 -23
273 -116
274 -18
275 -31
276 -20
277 -100
278 -39
279 -113
280 -17
281 -21
282 -17
283 -109
284 -27
285 -19
286 -23
287 -23
288 -25
289 -25
290 -28
291 -33
292 -109
293 -34
294 -25
295 -45
296 -25
297 -23
298 -26
299 -25
300 -114
301 -21
302 -31
303 -37
304 -26
305 -19
306 -20
307 -35
308 -19
309 -18
310 -35
311 -35
312 -21
313 -27
314 -15
315 -25
316 -22
317 -103
318 -31
319 -23
320 -34
321 -25
322 -22
323 -113
324 -32
325 -100
326 -27
327 -22
328 -26
329 -114
330 -100
331 -15
332 -23
333 -30
334 -25
335 -22
336 -17
337 -27
338 -26
339 -19
340 -29
341 -21
342 -18
343 -19
344 -27
345 -19
346 -52
347 -100
348 -38
349 -16
350 -22
351 -115
352 -27
353 -21
354 -30
355 -17
356 -23
357 -30
358 -20
359 -20
360 -27
361 -123
362 -27
363 -22
364 -23
365 -36
366 -22
367 -35
368 -17
369 -16
370 -17
371 -25
372 -19
373 -29
374 -25
375 -19
376 -15
377 -22
378 -19
379 -17
380 -24
381 -19
382 -100
383 -20
384 -23
385 -18
386 -17
387 -24
388 -22
389 -23
390 -24
391 -16
392 -21
393 -18
394 -100
395 -20
396 -105
397 -25
398 -21
399 -100
400 -22
401 -22
402 -20
403 -145
404 -20
405 -20
406 -19
407 -19
408 -19
409 -29
410 -15
411 -25
412 -34
413 -26
414 -28
415 -23
416 -24
417 -20
418 -24
419 -26
420 -26
421 -19
422 -37
423 -100
424 -22
425 -19
426 -118
427 -17
428 -17
429 -18
430 -25
431 -107
432 -26
433 -21
434 -38
435 -27
436 -22
437 -19
438 -23
439 -27
440 -22
441 -22
442 -34
443 -17
444 -22
445 -24
446 -28
447 -17
448 -30
449 -18
450 -22
451 -17
452 -24
453 -16
454 -100
455 -19
456 -23
457 -100
458 -18
459 -100
460 -31
461 -22
462 -27
463 -17
464 -100
465 -29
466 -25
467 -18
468 -102
469 -24
470 -19
471 -20
472 -25
473 -24
474 -22
475 -100
476 -23
477 -31
478 -20
479 -25
480 -21
481 -100
482 -28
483 -23
484 -22
485 -24
486 -24
487 -16
488 -21
489 -23
490 -27
491 -27
492 -17
493 -100
494 -26
495 -27
496 -20
497 -28
498 -29
499 -21
500 -33
501 -19
502 -23
503 -38
504 -24
505 -17
506 -23
507 -20
508 -26
509 -29
510 -23
511 -23
512 -100
513 -27
514 -32
515 -24
516 -22
517 -19
518 -21
519 -21
520 -37
521 -32
522 -18
523 -100
524 -100
525 -29
526 -36
527 -19
528 -43
529 -26
530 -30
531 -40
532 -27
533 -102
534 -38
535 -26
536 -61
537 -30
538 -17
539 -21
540 -44
541 -32
542 -107
543 -30
544 -24
545 -30
546 -36
547 -100
548 -64
549 -78
550 -59
551 -30
552 -36
553 -32
554 -25
555 -30
556 -44
557 -19
558 -100
559 -25
560 -34
561 -26
562 -26
563 -102
564 -26
565 -20
566 -32
567 -25
568 -24
569 -28
570 -20
571 -26
572 -103
573 -41
574 -30
575 -27
576 -47
577 -31
578 -27
579 -20
580 -32
581 -50
582 -44
583 -21
584 -32
585 -32
586 -20
587 -126
588 -28
589 -26
590 -124
591 -27
592 -42
593 -33
594 -20
595 -33
596 -35
597 -35
598 -30
599 -26
600 -27
601 -18
602 -37
603 -24
604 -17
605 -23
606 -22
607 -28
608 -39
609 -18
610 -34
611 -25
612 -17
613 -21
614 -17
615 -24
616 -21
617 -33
618 -23
619 -31
620 -23
621 -25
622 -27
623 -22
624 -100
625 -23
626 -38
627 -25
628 -23
629 -21
630 -39
631 -20
632 -21
633 -24
634 -59
635 -24
636 -114
637 -16
638 -29
639 -36
640 -100
641 -20
642 -26
643 -22
644 -38
645 -26
646 -30
647 -16
648 -21
649 -21
650 -100
651 -20
652 -110
653 -23
654 -39
655 -22
656 -27
657 -28
658 -31
659 -22
660 -119
661 -37
662 -29
663 -18
664 -120
665 -32
666 -22
667 -27
668 -100
669 -21
670 -26
671 -18
672 -31
673 -20
674 -19
675 -27
676 -22
677 -27
678 -31
679 -32
680 -21
681 -101
682 -24
683 -25
684 -16
685 -100
686 -18
687 -102
688 -28
689 -106
690 -27
691 -20
692 -19
693 -119
694 -21
695 -30
696 -24
697 -33
698 -24
699 -18
700 -36
701 -60
702 -24
703 -28
704 -18
705 -121
706 -18
707 -38
708 -22
709 -28
710 -150
711 -29
712 -33
713 -28
714 -40
715 -35
716 -22
717 -23
718 -25
719 -36
720 -26
721 -29
722 -29
723 -82
724 -50
725 -38
726 -128
727 -28
728 -23
729 -100
730 -27
731 -45
732 -22
733 -23
734 -41
735 -32
736 -21
737 -28
738 -21
739 -26
740 -100
741 -30
742 -21
743 -38
744 -30
745 -25
746 -19
747 -25
748 -54
749 -25
750 -25
751 -22
752 -21
753 -20
754 -28
755 -25
756 -20
757 -21
758 -20
759 -100
760 -27
761 -32
762 -33
763 -100
764 -28
765 -32
766 -28
767 -28
768 -20
769 -28
770 -37
771 -39
772 -31
773 -100
774 -33
775 -27
776 -19
777 -18
778 -20
779 -22
780 -27
781 -33
782 -20
783 -21
784 -122
785 -41
786 -52
787 -30
788 -100
789 -22
790 -37
791 -31
792 -35
793 -17
794 -29
795 -23
796 -24
797 -30
798 -36
799 -26
800 -24
801 -100
802 -33
803 -21
804 -24
805 -18
806 -13
807 -21
808 -28
809 -20
810 -27
811 -27
812 -100
813 -13
814 -17
815 -24
816 -19
817 -17
818 -20
819 -23
820 -16
821 -24
822 -18
823 -17
824 -22
825 -17
826 -18
827 -100
828 -20
829 -20
830 -20
831 -100
832 -26
833 -24
834 -22
835 -24
836 -29
837 -25
838 -32
839 -24
840 -17
841 -27
842 -101
843 -33
844 -103
845 -18
846 -28
847 -36
848 -42
849 -110
850 -38
851 -19
852 -41
853 -17
854 -19
855 -28
856 -109
857 -30
858 -29
859 -105
860 -20
861 -21
862 -41
863 -26
864 -32
865 -41
866 -100
867 -131
868 -43
869 -103
870 -41
871 -27
872 -37
873 -45
874 -22
875 -49
876 -104
877 -30
878 -33
879 -29
880 -32
881 -18
882 -34
883 -117
884 -34
885 -42
886 -25
887 -21
888 -41
889 -25
890 -20
891 -71
892 -22
893 -22
894 -100
895 -35
896 -43
897 -30
898 -101
899 -35
900 -27
901 -37
902 -29
903 -103
904 -39
905 -104
906 -20
907 -100
908 -106
909 -100
910 -38
911 -106
912 -104
913 -17
914 -22
915 -107
916 -18
917 -100
918 -25
919 -26
920 -22
921 -16
922 -36
923 -31
924 -22
925 -31
926 -109
927 -44
928 -22
929 -32
930 -39
931 -104
932 -113
933 -16
934 -18
935 -23
936 -16
937 -18
938 -100
939 -18
940 -29
941 -20
942 -25
943 -17
944 -20
945 -17
946 -17
947 -26
948 -29
949 -22
950 -31
951 -21
952 -100
953 -19
954 -30
955 -21
956 -22
957 -24
958 -19
959 -19
960 -27
961 -30
962 -21
963 -25
964 -26
965 -24
966 -22
967 -18
968 -25
969 -100
970 -23
971 -18
972 -21
973 -100
974 -18
975 -20
976 -19
977 -18
978 -26
979 -21
980 -17
981 -18
982 -20
983 -21
984 -22
985 -16
986 -18
987 -100
988 -20
989 -18
990 -24
991 -22
992 -101
993 -36
994 -15
995 -32
996 -21
997 -30
998 -26
999 -17
1000 -22
1001 -30
1002 -21
1003 -40
1004 -16
1005 -18
1006 -19
1007 -24
1008 -16
1009 -15
1010 -23
1011 -22
1012 -19
1013 -19
1014 -39
1015 -122
1016 -23
1017 -100
1018 -38
1019 -26
1020 -30
1021 -20
1022 -28
1023 -29
1024 -30
1025 -17
1026 -19
1027 -100
1028 -28
1029 -23
1030 -26
1031 -26
1032 -18
1033 -18
1034 -23
1035 -18
1036 -21
1037 -17
1038 -25
1039 -21
1040 -17
1041 -17
1042 -23
1043 -16
1044 -100
1045 -19
1046 -18
1047 -22
1048 -24
1049 -17
1050 -19
1051 -22
1052 -23
1053 -31
1054 -19
1055 -25
1056 -26
1057 -19
1058 -100
1059 -26
1060 -21
1061 -25
1062 -17
1063 -100
1064 -100
1065 -18
1066 -28
1067 -24
1068 -17
1069 -27
1070 -18
1071 -24
1072 -20
1073 -24
1074 -20
1075 -21
1076 -23
1077 -19
1078 -18
1079 -20
1080 -100
1081 -33
1082 -17
1083 -23
1084 -24
1085 -17
1086 -25
1087 -20
1088 -18
1089 -20
1090 -17
1091 -20
1092 -100
1093 -23
1094 -26
1095 -19
1096 -23
1097 -19
1098 -16
1099 -17
1100 -25
1101 -22
1102 -100
1103 -15
1104 -20
1105 -23
1106 -25
1107 -18
1108 -17
1109 -16
1110 -20
1111 -24
1112 -100
1113 -18
1114 -20
1115 -100
1116 -31
1117 -18
1118 -30
1119 -100
1120 -25
1121 -18
1122 -30
1123 -17
1124 -23
1125 -18
1126 -16
1127 -20
1128 -30
1129 -24
1130 -22
1131 -18
1132 -32
1133 -30
1134 -24
1135 -32
1136 -101
1137 -100
1138 -100
1139 -29
1140 -125
1141 -72
1142 -55
1143 -32
1144 -57
1145 -17
1146 -24
1147 -21
1148 -22
1149 -20
1150 -26
1151 -18
1152 -100
1153 -16
1154 -16
1155 -25
1156 -23
1157 -22
1158 -16
1159 -22
1160 -21
1161 -100
1162 -100
1163 -22
1164 -102
1165 -18
1166 -15
1167 -19
1168 -29
1169 -100
1170 -24
1171 -26
1172 -19
1173 -17
1174 -24
1175 -22
1176 -16
1177 -29
1178 -18
1179 -21
1180 -19
1181 -25
1182 -19
1183 -20
1184 -22
1185 -20
1186 -19
1187 -16
1188 -28
1189 -19
1190 -21
1191 -22
1192 -28
1193 -18
1194 -100
1195 -22
1196 -18
1197 -17
1198 -19
1199 -23
1200 -19
1201 -23
1202 -19
1203 -100
1204 -20
1205 -24
1206 -17
1207 -22
1208 -20
1209 -27
1210 -34
1211 -16
1212 -16
1213 -32
1214 -17
1215 -22
1216 -115
1217 -22
1218 -41
1219 -17
1220 -24
1221 -27
1222 -24
1223 -20
1224 -17
1225 -23
1226 -21
1227 -18
1228 -16
1229 -17
1230 -23
1231 -21
1232 -25
1233 -24
1234 -21
1235 -16
1236 -18
1237 -17
1238 -15
1239 -25
1240 -15
1241 -17
1242 -27
1243 -17
1244 -17
1245 -19
1246 -20
1247 -22
1248 -15
1249 -15
1250 -24
1251 -22
1252 -20
1253 -17
1254 -21
1255 -100
1256 -24
1257 -100
1258 -17
1259 -23
1260 -19
1261 -22
1262 -100
1263 -19
1264 -23
1265 -31
1266 -22
1267 -32
1268 -118
1269 -63
1270 -26
1271 -30
1272 -103
1273 -106
1274 -25
1275 -28
1276 -19
1277 -35
1278 -16
1279 -20
1280 -20
1281 -19
1282 -30
1283 -23
1284 -24
1285 -100
1286 -19
1287 -19
1288 -31
1289 -18
1290 -100
1291 -15
1292 -17
1293 -17
1294 -15
1295 -21
1296 -100
1297 -31
1298 -25
1299 -23
1300 -20
1301 -25
1302 -18
1303 -18
1304 -16
1305 -27
1306 -17
1307 -17
1308 -23
1309 -26
1310 -23
1311 -24
1312 -17
1313 -27
1314 -19
1315 -22
1316 -20
1317 -101
1318 -17
1319 -17
1320 -28
1321 -22
1322 -17
1323 -21
1324 -25
1325 -101
1326 -100
1327 -17
1328 -24
1329 -21
1330 -17
1331 -15
1332 -100
1333 -17
1334 -18
1335 -18
1336 -17
1337 -100
1338 -16
1339 -20
1340 -27
1341 -20
1342 -18
1343 -25
1344 -17
1345 -16
1346 -17
1347 -25
1348 -18
1349 -101
1350 -33
1351 -22
1352 -100
1353 -18
1354 -101
1355 -22
1356 -100
1357 -104
1358 -19
1359 -21
1360 -18
1361 -17
1362 -19
1363 -100
1364 -19
1365 -30
1366 -21
1367 -27
1368 -19
1369 -30
1370 -23
1371 -16
1372 -19
1373 -18
1374 -27
1375 -100
1376 -19
1377 -18
1378 -15
1379 -17
1380 -31
1381 -108
1382 -100
1383 -19
1384 -17
1385 -24
1386 -19
1387 -24
1388 -16
1389 -100
1390 -100
1391 -21
1392 -19
1393 -25
1394 -18
1395 -20
1396 -100
1397 -17
1398 -17
1399 -100
1400 -21
1401 -15
1402 -22
1403 -20
1404 -30
1405 -31
1406 -16
1407 -19
1408 -22
1409 -15
1410 -17
1411 -100
1412 -19
1413 -16
1414 -17
1415 -18
1416 -18
1417 -29
1418 -100
1419 -20
1420 -21
1421 -26
1422 -19
1423 -17
1424 -21
1425 -18
1426 -18
1427 -17
1428 -17
1429 -18
1430 -19
1431 -113
1432 -16
1433 -24
1434 -18
1435 -19
1436 -19
1437 -22
1438 -18
1439 -16
1440 -100
1441 -19
1442 -16
1443 -30
1444 -15
1445 -27
1446 -18
1447 -27
1448 -100
1449 -17
1450 -18
1451 -19
1452 -19
1453 -19
1454 -15
1455 -24
1456 -23
1457 -19
1458 -21
1459 -17
1460 -100
1461 -17
1462 -21
1463 -17
1464 -100
1465 -15
1466 -17
1467 -24
1468 -20
1469 -16
1470 -15
1471 -21
1472 -24
1473 -19
1474 -24
1475 -20
1476 -100
1477 -29
1478 -18
1479 -19
1480 -25
1481 -22
1482 -21
1483 -22
1484 -19
1485 -19
1486 -100
1487 -20
1488 -26
1489 -27
1490 -17
1491 -15
1492 -100
1493 -21
1494 -19
1495 -30
1496 -32
1497 -24
1498 -32
1499 -19
1500 -19
1501 -22
1502 -17
1503 -25
1504 -19
1505 -22
1506 -19
1507 -30
1508 -33
1509 -100
1510 -18
1511 -20
1512 -30
1513 -100
1514 -18
1515 -22
1516 -15
1517 -17
1518 -23
1519 -18
1520 -19
1521 -27
1522 -17
1523 -20
1524 -36
1525 -27
1526 -17
1527 -23
1528 -18
1529 -20
1530 -20
1531 -20
1532 -100
1533 -15
1534 -16
1535 -18
1536 -15
1537 -22
1538 -19
1539 -20
1540 -17
1541 -27
1542 -23
1543 -17
1544 -16
1545 -20
1546 -17
1547 -21
1548 -24
1549 -22
1550 -20
1551 -26
1552 -100
1553 -100
1554 -15
1555 -17
1556 -19
1557 -25
1558 -100
1559 -21
1560 -28
1561 -20
1562 -23
1563 -20
1564 -18
1565 -17
1566 -100
1567 -15
1568 -25
1569 -20
1570 -19
1571 -29
1572 -100
1573 -16
1574 -25
1575 -26
1576 -28
1577 -25
1578 -24
1579 -21
1580 -25
1581 -20
1582 -100
1583 -17
1584 -21
1585 -22
1586 -18
1587 -24
1588 -20
1589 -17
1590 -19
1591 -24
1592 -18
1593 -19
1594 -27
1595 -23
1596 -101
1597 -27
1598 -18
1599 -17
1600 -100
1601 -17
1602 -19
1603 -100
1604 -25
1605 -21
1606 -103
1607 -18
1608 -22
1609 -21
1610 -23
1611 -21
1612 -28
1613 -30
1614 -100
1615 -26
1616 -23
1617 -25
1618 -18
1619 -20
1620 -18
1621 -101
1622 -16
1623 -16
1624 -100
1625 -100
1626 -26
1627 -21
1628 -116
1629 -22
1630 -22
1631 -30
1632 -17
1633 -26
1634 -17
1635 -21
1636 -35
1637 -100
1638 -17
1639 -22
1640 -22
1641 -41
1642 -19
1643 -37
1644 -28
1645 -27
1646 -29
1647 -20
1648 -60
1649 -47
1650 -33
1651 -19
1652 -17
1653 -22
1654 -24
1655 -20
1656 -42
1657 -32
1658 -34
1659 -37
1660 -43
1661 -19
1662 -26
1663 -116
1664 -31
1665 -110
1666 -28
1667 -50
1668 -45
1669 -29
1670 -36
1671 -23
1672 -42
1673 -38
1674 -35
1675 -20
1676 -22
1677 -30
1678 -23
1679 -32
1680 -29
1681 -41
1682 -26
1683 -38
1684 -22
1685 -17
1686 -20
1687 -23
1688 -48
1689 -23
1690 -45
1691 -35
1692 -34
1693 -109
1694 -15
1695 -28
1696 -18
1697 -26
1698 -18
1699 -16
1700 -23
1701 -17
1702 -28
1703 -24
1704 -23
1705 -18
1706 -28
1707 -26
1708 -17
1709 -100
1710 -20
1711 -22
1712 -19
1713 -29
1714 -19
1715 -28
1716 -16
1717 -21
1718 -18
1719 -102
1720 -19
1721 -18
1722 -24
1723 -23
1724 -101
1725 -101
1726 -29
1727 -42
1728 -31
1729 -29
1730 -100
1731 -110
1732 -101
1733 -23
1734 -33
1735 -29
1736 -25
1737 -29
1738 -20
1739 -22
1740 -27
1741 -31
1742 -20
1743 -106
1744 -32
1745 -27
1746 -121
1747 -16
1748 -29
1749 -30
1750 -109
1751 -27
1752 -51
1753 -43
1754 -29
1755 -23
1756 -31
1757 -28
1758 -28
1759 -28
1760 -24
1761 -102
1762 -42
1763 -106
1764 -49
1765 -30
1766 -22
1767 -43
1768 -23
1769 -20
1770 -22
1771 -29
1772 -17
1773 -39
1774 -17
1775 -57
1776 -25
1777 -34
1778 -28
1779 -50
1780 -30
1781 -24
1782 -19
1783 -28
1784 -40
1785 -25
1786 -28
1787 -39
1788 -23
1789 -33
1790 -33
1791 -25
1792 -20
1793 -37
1794 -19
1795 -38
1796 -22
1797 -23
1798 -100
1799 -27
1800 -20
1801 -37
1802 -28
1803 -16
1804 -32
1805 -29
1806 -27
1807 -24
1808 -61
1809 -23
1810 -23
1811 -20
1812 -23
1813 -34
1814 -43
1815 -30
1816 -43
1817 -23
1818 -30
1819 -21
1820 -48
1821 -26
1822 -32
1823 -28
1824 -100
1825 -37
1826 -22
1827 -21
1828 -33
1829 -18
1830 -24
1831 -25
1832 -36
1833 -22
1834 -102
1835 -22
1836 -116
1837 -28
1838 -22
1839 -22
1840 -17
1841 -20
1842 -18
1843 -22
1844 -16
1845 -19
1846 -27
1847 -22
1848 -15
1849 -37
1850 -18
1851 -100
1852 -25
1853 -27
1854 -28
1855 -26
1856 -21
1857 -19
1858 -21
1859 -24
1860 -18
1861 -21
1862 -19
1863 -100
1864 -20
1865 -25
1866 -29
1867 -19
1868 -20
1869 -24
1870 -23
1871 -18
1872 -16
1873 -26
1874 -100
1875 -23
1876 -100
1877 -16
1878 -24
1879 -19
1880 -18
1881 -15
1882 -23
1883 -17
1884 -21
1885 -15
1886 -20
1887 -21
1888 -22
1889 -21
1890 -20
1891 -22
1892 -22
1893 -100
1894 -22
1895 -21
1896 -23
1897 -23
1898 -22
1899 -27
1900 -21
1901 -20
1902 -100
1903 -16
1904 -18
1905 -25
1906 -100
1907 -24
1908 -17
1909 -23
1910 -100
1911 -100
1912 -100
1913 -32
1914 -42
1915 -29
1916 -34
1917 -118
1918 -26
1919 -32
1920 -21
1921 -22
1922 -26
1923 -31
1924 -32
1925 -29
1926 -104
1927 -48
1928 -38
1929 -27
1930 -23
1931 -37
1932 -23
1933 -22
1934 -41
1935 -21
1936 -22
1937 -25
1938 -24
1939 -102
1940 -102
1941 -34
1942 -25
1943 -34
1944 -107
1945 -71
1946 -23
1947 -23
1948 -100
1949 -27
1950 -103
1951 -32
1952 -36
1953 -22
1954 -31
1955 -105
1956 -26
1957 -113
1958 -26
1959 -105
1960 -105
1961 -24
1962 -101
1963 -32
1964 -31
1965 -25
1966 -19
1967 -21
1968 -25
1969 -39
1970 -20
1971 -26
1972 -19
1973 -25
1974 -20
1975 -29
1976 -25
1977 -43
1978 -24
1979 -28
1980 -39
1981 -22
1982 -39
1983 -27
1984 -22
1985 -23
1986 -32
1987 -22
1988 -27
1989 -48
1990 -18
1991 -25
1992 -44
1993 -16
1994 -103
1995 -17
1996 -26
1997 -20
1998 -24
1999 -19
2000 -25
2001 -35
2002 -100
2003 -26
2004 -19
2005 -42
2006 -27
2007 -17
2008 -37
2009 -28
2010 -23
2011 -25
2012 -30
2013 -33
2014 -38
2015 -26
2016 -22
2017 -31
2018 -24
2019 -27
2020 -55
2021 -32
2022 -103
2023 -21
2024 -29
2025 -30
2026 -32
2027 -37
2028 -28
2029 -36
2030 -25
2031 -27
2032 -33
2033 -42
2034 -22
2035 -27
2036 -21
2037 -31
2038 -46
2039 -21
2040 -33
2041 -23
2042 -41
2043 -23
2044 -29
2045 -21
2046 -32
2047 -29
2048 -27
2049 -49
2050 -32
2051 -23
2052 -22
2053 -17
2054 -30
2055 -30
2056 -20
2057 -21
2058 -22
2059 -22
2060 -21
2061 -20
2062 -17
2063 -15
2064 -20
2065 -18
2066 -24
2067 -100
2068 -19
2069 -23
2070 -17
2071 -100
2072 -22
2073 -23
2074 -25
2075 -24
2076 -100
2077 -28
2078 -20
2079 -31
2080 -24
2081 -100
2082 -31
2083 -29
2084 -19
2085 -31
2086 -20
2087 -22
2088 -22
2089 -16
2090 -100
2091 -22
2092 -20
2093 -26
2094 -20
2095 -22
2096 -19
2097 -17
2098 -23
2099 -21
2100 -27
2101 -19
2102 -24
2103 -26
2104 -100
2105 -22
2106 -32
2107 -100
2108 -23
2109 -34
2110 -20
2111 -43
2112 -26
2113 -26
2114 -26
2115 -16
2116 -100
2117 -23
2118 -41
2119 -101
2120 -29
2121 -26
2122 -29
2123 -40
2124 -32
2125 -19
2126 -21
2127 -22
2128 -25
2129 -18
2130 -100
2131 -21
2132 -16
2133 -23
2134 -23
2135 -18
2136 -21
2137 -18
2138 -23
2139 -27
2140 -20
2141 -100
2142 -20
2143 -18
2144 -16
2145 -25
2146 -32
2147 -115
2148 -16
2149 -18
2150 -26
2151 -18
2152 -29
2153 -101
2154 -100
2155 -26
2156 -35
2157 -19
2158 -31
2159 -21
2160 -103
2161 -20
2162 -22
2163 -26
2164 -26
2165 -37
2166 -50
2167 -52
2168 -45
2169 -47
2170 -78
2171 -28
2172 -103
2173 -61
2174 -19
2175 -20
2176 -18
2177 -20
2178 -15
2179 -21
2180 -22
2181 -20
2182 -101
2183 -25
2184 -22
2185 -17
2186 -25
2187 -16
2188 -21
2189 -24
2190 -26
2191 -23
2192 -22
2193 -27
2194 -27
2195 -20
2196 -24
2197 -22
2198 -24
2199 -27
2200 -16
2201 -21
2202 -18
2203 -18
2204 -100
2205 -16
2206 -22
2207 -100
2208 -29
2209 -100
2210 -100
2211 -109
2212 -24
2213 -18
2214 -22
2215 -23
2216 -30
2217 -27
2218 -32
2219 -26
2220 -103
2221 -37
2222 -33
2223 -30
2224 -24
2225 -33
2226 -28
2227 -17
2228 -31
2229 -101
2230 -21
2231 -23
2232 -19
2233 -20
2234 -29
2235 -25
2236 -42
2237 -29
2238 -28
2239 -30
2240 -33
2241 -27
2242 -116
2243 -31
2244 -17
2245 -29
2246 -25
2247 -86
2248 -19
2249 -103
2250 -113
2251 -27
2252 -17
2253 -23
2254 -100
2255 -16
2256 -18
2257 -19
2258 -19
2259 -17
2260 -24
2261 -17
2262 -24
2263 -25
2264 -23
2265 -102
2266 -100
2267 -20
2268 -22
2269 -23
2270 -25
2271 -22
2272 -17
2273 -21
2274 -22
2275 -25
2276 -20
2277 -100
2278 -16
2279 -100
2280 -22
2281 -27
2282 -26
2283 -100
2284 -21
2285 -22
2286 -15
2287 -28
2288 -17
2289 -21
2290 -25
2291 -23
2292 -26
2293 -19
2294 -23
2295 -100
2296 -17
2297 -19
2298 -24
2299 -100
2300 -101
2301 -37
2302 -48
2303 -29
2304 -15
2305 -15
2306 -20
2307 -22
2308 -18
2309 -15
2310 -21
2311 -17
2312 -20
2313 -17
2314 -17
2315 -100
2316 -17
2317 -19
2318 -21
2319 -22
2320 -20
2321 -38
2322 -25
2323 -18
2324 -22
2325 -20
2326 -22
2327 -23
2328 -27
2329 -19
2330 -27
2331 -20
2332 -32
2333 -20
2334 -18
2335 -100
2336 -23
2337 -19
2338 -16
2339 -30
2340 -16
2341 -20
2342 -22
2343 -20
2344 -26
2345 -101
2346 -22
2347 -100
2348 -18
2349 -28
2350 -18
2351 -22
2352 -19
2353 -18
2354 -17
2355 -18
2356 -25
2357 -29
2358 -19
2359 -21
2360 -20
2361 -21
2362 -16
2363 -19
2364 -26
2365 -39
2366 -25
2367 -23
2368 -28
2369 -21
2370 -24
2371 -23
2372 -17
2373 -22
2374 -100
2375 -21
2376 -23
2377 -19
2378 -100
2379 -100
2380 -23
2381 -15
2382 -100
2383 -103
2384 -19
2385 -18
2386 -26
2387 -22
2388 -23
2389 -21
2390 -100
2391 -21
2392 -17
2393 -17
2394 -31
2395 -22
2396 -15
2397 -100
2398 -27
2399 -17
2400 -100
2401 -18
2402 -100
2403 -19
2404 -100
2405 -101
2406 -25
2407 -36
2408 -19
2409 -23
2410 -31
2411 -37
2412 -18
2413 -40
2414 -108
2415 -28
2416 -104
2417 -25
2418 -40
2419 -31
2420 -36
2421 -37
2422 -25
2423 -103
2424 -21
2425 -32
2426 -55
2427 -34
2428 -23
2429 -26
2430 -43
2431 -22
2432 -25
2433 -24
2434 -104
2435 -24
2436 -43
2437 -33
2438 -29
2439 -18
2440 -106
2441 -24
2442 -24
2443 -25
2444 -21
2445 -24
2446 -22
2447 -24
2448 -107
2449 -20
2450 -22
2451 -22
2452 -26
2453 -17
2454 -30
2455 -100
2456 -17
2457 -100
2458 -30
2459 -20
2460 -112
2461 -32
2462 -29
2463 -54
2464 -34
2465 -23
2466 -37
2467 -21
2468 -110
2469 -35
2470 -34
2471 -24
2472 -101
2473 -23
2474 -24
2475 -26
2476 -26
2477 -47
2478 -26
2479 -49
2480 -42
2481 -40
2482 -100
2483 -17
2484 -100
2485 -35
2486 -37
2487 -23
2488 -27
2489 -37
2490 -20
2491 -27
2492 -115
2493 -41
2494 -29
2495 -46
2496 -27
2497 -21
2498 -29
2499 -25
2500 -25
2501 -27
2502 -31
2503 -24
2504 -41
2505 -43
2506 -19
2507 -26
2508 -19
2509 -26
2510 -26
2511 -29
2512 -26
2513 -34
2514 -25
2515 -34
2516 -23
2517 -42
2518 -26
2519 -28
2520 -34
2521 -20
2522 -106
2523 -20
2524 -102
2525 -36
2526 -30
2527 -29
2528 -21
2529 -24
2530 -22
2531 -24
2532 -20
2533 -118
2534 -17
2535 -26
2536 -28
2537 -18
2538 -24
2539 -20
2540 -124
2541 -23
2542 -24
2543 -17
2544 -17
2545 -30
2546 -17
2547 -18
2548 -16
2549 -19
2550 -16
2551 -24
2552 -27
2553 -17
2554 -20
2555 -21
2556 -19
2557 -16
2558 -19
2559 -26
2560 -18
2561 -18
2562 -19
2563 -17
2564 -22
2565 -18
2566 -22
2567 -24
2568 -119
2569 -100
2570 -21
2571 -26
2572 -18
2573 -25
2574 -19
2575 -24
2576 -19
2577 -23
2578 -17
2579 -18
2580 -102
2581 -26
2582 -25
2583 -100
2584 -25
2585 -18
2586 -21
2587 -19
2588 -17
2589 -24
2590 -17
2591 -16
2592 -24
2593 -15
2594 -31
2595 -15
2596 -24
2597 -18
2598 -22
2599 -100
2600 -30
2601 -100
2602 -19
2603 -22
2604 -16
2605 -16
2606 -17
2607 -25
2608 -19
2609 -21
2610 -21
2611 -101
2612 -17
2613 -100
2614 -16
2615 -22
2616 -100
2617 -24
2618 -20
2619 -21
2620 -100
2621 -26
2622 -45
2623 -35
2624 -62
2625 -29
2626 -26
2627 -33
2628 -21
2629 -23
2630 -25
2631 -28
2632 -100
2633 -23
2634 -26
2635 -46
2636 -45
2637 -18
2638 -28
2639 -24
2640 -102
2641 -21
2642 -26
2643 -25
2644 -100
2645 -28
2646 -101
2647 -35
2648 -20
2649 -18
2650 -21
2651 -19
2652 -32
2653 -100
2654 -22
2655 -25
2656 -19
2657 -22
2658 -19
2659 -100
2660 -21
2661 -21
2662 -18
2663 -25
2664 -102
2665 -100
2666 -29
2667 -25
2668 -100
2669 -31
2670 -17
2671 -22
2672 -23
2673 -19
2674 -24
2675 -16
2676 -15
2677 -23
2678 -100
2679 -18
2680 -22
2681 -25
2682 -100
2683 -22
2684 -23
2685 -100
2686 -21
2687 -18
2688 -16
2689 -19
2690 -24
2691 -29
2692 -100
2693 -17
2694 -17
2695 -101
2696 -18
2697 -20
2698 -25
2699 -18
2700 -20
2701 -18
2702 -27
2703 -27
2704 -21
2705 -21
2706 -36
2707 -29
2708 -26
2709 -20
2710 -18
2711 -24
2712 -25
2713 -100
2714 -101
2715 -21
2716 -131
2717 -29
2718 -25
2719 -100
2720 -81
2721 -23
2722 -64
2723 -32
2724 -22
2725 -100
2726 -29
2727 -36
2728 -24
2729 -17
2730 -27
2731 -19
2732 -23
2733 -23
2734 -101
2735 -24
2736 -21
2737 -27
2738 -30
2739 -15
2740 -15
2741 -36
2742 -24
2743 -28
2744 -17
2745 -28
2746 -33
2747 -34
2748 -26
2749 -27
2750 -25
2751 -18
2752 -17
2753 -17
2754 -23
2755 -21
2756 -27
2757 -100
2758 -100
2759 -100
2760 -19
2761 -26
2762 -22
2763 -23
2764 -23
2765 -19
2766 -100
2767 -17
2768 -100
2769 -18
2770 -33
2771 -28
2772 -39
2773 -22
2774 -126
2775 -27
2776 -19
2777 -28
2778 -21
2779 -21
2780 -100
2781 -17
2782 -16
2783 -20
2784 -18
2785 -21
2786 -25
2787 -20
2788 -103
2789 -28
2790 -102
2791 -19
2792 -20
2793 -38
2794 -100
2795 -25
2796 -23
2797 -19
2798 -16
2799 -33
2800 -26
2801 -21
2802 -16
2803 -18
2804 -24
2805 -23
2806 -25
2807 -17
2808 -100
2809 -20
2810 -17
2811 -20
2812 -16
2813 -20
2814 -18
2815 -105
2816 -100
2817 -21
2818 -23
2819 -21
2820 -26
2821 -22
2822 -23
2823 -32
2824 -20
2825 -18
2826 -100
2827 -19
2828 -19
2829 -22
2830 -17
2831 -21
2832 -17
2833 -20
2834 -21
2835 -19
2836 -20
2837 -20
2838 -18
2839 -18
2840 -25
2841 -28
2842 -29
2843 -26
2844 -36
2845 -20
2846 -100
2847 -24
2848 -29
2849 -23
2850 -15
2851 -30
2852 -18
2853 -23
2854 -19
2855 -24
2856 -27
2857 -100
2858 -18
2859 -23
2860 -17
2861 -15
2862 -100
2863 -21
2864 -17
2865 -100
2866 -26
2867 -18
2868 -16
2869 -21
2870 -24
2871 -15
2872 -21
2873 -19
2874 -27
2875 -31
2876 -18
2877 -100
2878 -19
2879 -100
2880 -21
2881 -23
2882 -19
2883 -15
2884 -16
2885 -22
2886 -100
2887 -19
2888 -27
2889 -19
2890 -21
2891 -22
2892 -23
2893 -22
2894 -24
2895 -18
2896 -20
2897 -34
2898 -21
2899 -18
2900 -17
2901 -17
2902 -18
2903 -21
2904 -25
2905 -21
2906 -16
2907 -18
2908 -100
2909 -22
2910 -21
2911 -18
2912 -16
2913 -22
2914 -19
2915 -21
2916 -22
2917 -21
2918 -20
2919 -20
2920 -100
2921 -28
2922 -24
2923 -26
2924 -17
2925 -25
2926 -21
2927 -100
2928 -24
2929 -100
2930 -25
2931 -22
2932 -20
2933 -20
2934 -23
2935 -23
2936 -36
2937 -100
2938 -17
2939 -20
2940 -16
2941 -17
2942 -20
2943 -31
2944 -20
2945 -100
2946 -28
2947 -27
2948 -17
2949 -16
2950 -26
2951 -20
2952 -21
2953 -19
2954 -104
2955 -100
2956 -22
2957 -23
2958 -18
2959 -23
2960 -25
2961 -100
2962 -20
2963 -22
2964 -27
2965 -19
2966 -18
2967 -100
2968 -42
2969 -30
2970 -19
2971 -29
2972 -31
2973 -24
2974 -26
2975 -24
2976 -20
2977 -18
2978 -18
2979 -17
2980 -31
2981 -22
2982 -112
2983 -23
2984 -16
2985 -101
2986 -100
2987 -26
2988 -21
2989 -19
2990 -19
2991 -20
2992 -28
2993 -15
2994 -25
2995 -17
2996 -22
2997 -16
2998 -19
2999 -24
